
 Nova entrada de dados
 
0.9572456352560803 
0.867619737749476 
0.5951608601900937 
0.5312635529004491 
0.5124637253279029 
0.40171005373074054 
0.40111626048624693 
0.38370757694195 
0.36064814390122524 
0.3312919847457789 
0.29272799192993026 
0.28613252115867993 
0.2631341565294645 
0.1769693570626285 
0.05581600182100077 

 Nova entrada de dados
 
0.9862099989939555 
0.9381748189622797 
0.536382103687552 
0.5060633542230795 
0.4759391057213963 
0.46342131075415516 
0.18823522760596256 
0.16587197706562673 
0.14025929459319275 
0.04477482445842296 
