0.940345470052626 
0.6847133766520564 
0.583943600059786 
0.5042028713859724 
0.11244135282220946 
0.9869835116578372 
0.9846887332798372 
0.9727878407405743 
0.9521560321848624 
0.950712736573569 
0.9275644858851928 
0.9211160642918073 
0.9062743141730369 
0.8988194704227083 
0.889189418266461 
0.8852301405210297 
0.8847489751219774 
0.881564213314676 
0.8787252765869638 
0.8664901621802406 
0.8571858365112083 
0.8440255298827988 
0.8127926214903042 
0.8057105905576424 
0.8020651682808254 
0.8001270224817217 
0.7972811761638272 
0.7836548621986844 
0.7782426872416105 
0.7714937688417924 
0.7684139812498555 
0.7610972243736361 
0.7550972004594819 
0.7360649303636606 
0.7353577099520643 
0.7178313978271886 
0.7139141729195034 
0.713569257090911 
0.7066111446292339 
0.7028431750225378 
0.6820122151448534 
0.6682781000220251 
0.6607078955751707 
0.6499758866594508 
0.6442590506381026 
0.6414478780154986 
0.6225736395313954 
0.6106352860837562 
0.5622264204669034 
0.5574052169938009 
0.5482525757431803 
0.5461503844560788 
0.5386782225895516 
0.534553736655459 
0.5221369857620297 
0.511004131322457 
0.5008867066913898 
0.49755528885928224 
0.47472211593480673 
0.4647550499640165 
0.45743639535281355 
0.44865152910398043 
0.4452663675487485 
0.42319604138842426 
0.41308862574454897 
0.38935326549382054 
0.37977549550332956 
0.3789601101434825 
0.3737109405727641 
0.37253507581181333 
0.3357837347675168 
0.33534258794698546 
0.3319777568314526 
0.3300859794139148 
0.31638860158582194 
0.28723731620744286 
0.28716921275062535 
0.283202849483131 
0.28221455184938593 
0.2543826666248916 
0.2509265340207084 
0.2298960913629423 
0.20303240020024593 
0.19094314004913737 
0.1857284992002981 
0.16799403882669095 
0.1435427970718277 
0.13235387205345628 
0.11919387044932916 
0.10846868456350911 
0.08864523043442507 
0.08370734030919447 
0.08104365578028838 
0.07841365557412994 
0.07536615244852751 
0.07254295474768124 
0.04216491169409464 
0.03992235844369474 
0.03848103529859459 
0.03746279475510916 
0.026880494070004368 
0.026856728201532398 
0.02354871092627797 
0.008910117561888087 
0.008414871541872149 
